{"1": {"1": {"6": [{"scene_id": 1, "im_id": 1, "obj_id": 6, "score": 0.7968738675117493, "R": [0.9952009916305542, 0.0973706841468811, 0.00969290267676115, 0.013269144110381603, -0.03614795580506325, -0.9992583990097046, -0.09694807231426239, 0.9945915937423706, -0.03726651147007942], "t": [-168.0498809814453, 313.8396911621094, 1451.7025146484375], "time": 2.3891618251800537}]}, "2": {"6": [{"scene_id": 1, "im_id": 2, "obj_id": 6, "score": 0.7617180347442627, "R": [0.9973198175430298, 0.0728331208229065, 0.006966093089431524, 0.00535244308412075, 0.022327184677124023, -0.9997364282608032, -0.0729694589972496, 0.9970942735671997, 0.02187749743461609], "t": [-167.6607208251953, 314.4228820800781, 1453.2471923828125], "time": 0.729686975479126}]}, "3": {"6": [{"scene_id": 1, "im_id": 3, "obj_id": 6, "score": 0.7773433923721313, "R": [0.9982420802116394, 0.05891944095492363, 0.006435493007302284, 0.005358471535146236, 0.018419340252876282, -0.9998159408569336, -0.059027135372161865, 0.998092770576477, 0.018071234226226807], "t": [-167.98211669921875, 314.7463684082031, 1453.2550048828125], "time": 0.5035195350646973}]}, "4": {"6": [{"scene_id": 1, "im_id": 4, "obj_id": 6, "score": 0.7460930943489075, "R": [0.9977365136146545, 0.06681270897388458, 0.007625889964401722, 0.006780944764614105, 0.0128641277551651, -0.9998943209648132, -0.0669037401676178, 0.9976826906204224, 0.012381970882415771], "t": [-167.85333251953125, 314.4688415527344, 1453.3756103515625], "time": 0.6635863780975342}]}, "5": {"6": [{"scene_id": 1, "im_id": 5, "obj_id": 6, "score": 0.7636715769767761, "R": [0.9976620674133301, 0.06754296272993088, 0.010410082526504993, 0.009137156419456005, 0.019127801060676575, -0.9997753500938416, -0.06772690266370773, 0.9975330829620361, 0.018465936183929443], "t": [-167.6760711669922, 313.70465087890625, 1450.280029296875], "time": 0.4835622310638428}]}, "6": {"6": [{"scene_id": 1, "im_id": 6, "obj_id": 6, "score": 0.7753903865814209, "R": [0.9999836683273315, -7.106363773345947e-05, 0.005707514937967062, 0.005660487338900566, -0.11634381115436554, -0.993192732334137, 0.0007346197962760925, 0.9932090044021606, -0.11634150892496109], "t": [-167.89797973632812, 313.2719421386719, 1450.7900390625], "time": 0.6341953277587891}]}, "7": {"6": [{"scene_id": 1, "im_id": 7, "obj_id": 6, "score": 0.7675780057907104, "R": [0.9999935030937195, 0.002980343997478485, 0.002002672990784049, 0.0022460022009909153, -0.08401776105165482, -0.9964617490768433, -0.0028015300631523132, 0.9964597821235657, -0.08402390778064728], "t": [-168.3678436279297, 314.4532470703125, 1455.2474365234375], "time": 0.4953374862670898}]}, "8": {"6": [{"scene_id": 1, "im_id": 8, "obj_id": 6, "score": 0.7832030057907104, "R": [0.9994173645973206, 0.03360181301832199, 0.0060114022344350815, 0.009848824702203274, -0.11523250490427017, -0.9932898283004761, -0.032683633267879486, 0.992770254611969, -0.11549627780914307], "t": [-167.3673858642578, 312.5001220703125, 1447.2109375], "time": 0.5196959972381592}]}, "9": {"6": [{"scene_id": 1, "im_id": 9, "obj_id": 6, "score": 0.7890621423721313, "R": [0.9994717836380005, 0.032398492097854614, 0.002579244552180171, 0.006360387429594994, -0.11715349555015564, -0.9930935502052307, -0.03187256306409836, 0.9925852417945862, -0.11729767173528671], "t": [-167.6228790283203, 313.3157958984375, 1449.8785400390625], "time": 0.5753581523895264}]}, "10": {"6": [{"scene_id": 1, "im_id": 10, "obj_id": 6, "score": 0.7773435115814209, "R": [0.9999860525131226, 0.00037758052349090576, 0.005279469303786755, 0.00528767891228199, -0.11577863991260529, -0.9932609796524048, 0.0002362281084060669, 0.993274986743927, -0.11577901244163513], "t": [-167.8361358642578, 313.3944091796875, 1450.871826171875], "time": 0.6729750633239746}]}, "11": {"6": [{"scene_id": 1, "im_id": 11, "obj_id": 6, "score": 0.7871090769767761, "R": [0.9999900460243225, -0.0017572790384292603, 0.004094856791198254, 0.0038962666876614094, -0.1010790541768074, -0.9948709011077881, 0.002162165939807892, 0.9948769807815552, -0.10107120871543884], "t": [-168.20748901367188, 314.1014099121094, 1453.4791259765625], "time": 0.5899219512939453}]}, "12": {"6": [{"scene_id": 1, "im_id": 12, "obj_id": 6, "score": 0.7832028865814209, "R": [0.9998356103897095, 0.016939207911491394, 0.006471213418990374, 0.008613809011876583, -0.12964212894439697, -0.9915235042572021, -0.01595667377114296, 0.9914161562919617, -0.12976673245429993], "t": [-167.27882385253906, 312.2640686035156, 1445.7581787109375], "time": 0.5846352577209473}]}, "13": {"6": [{"scene_id": 1, "im_id": 13, "obj_id": 6, "score": 0.7753905057907104, "R": [0.9999814033508301, 0.005501888692378998, 0.0026366657111793756, 0.002929637674242258, -0.053939081728458405, -0.998539924621582, -0.005351632833480835, 0.9985291361808777, -0.05395419895648956], "t": [-168.78494262695312, 315.2755126953125, 1458.1029052734375], "time": 0.5335321426391602}]}, "14": {"6": [{"scene_id": 1, "im_id": 14, "obj_id": 6, "score": 0.7695311307907104, "R": [0.9998111724853516, 0.018504105508327484, 0.005923989228904247, 0.007471719291061163, -0.084726482629776, -0.9963762760162354, -0.0179351307451725, 0.9962325096130371, -0.08484873920679092], "t": [-167.8270263671875, 313.2032775878906, 1450.3779296875], "time": 0.5077133178710938}]}, "15": {"6": [{"scene_id": 1, "im_id": 15, "obj_id": 6, "score": 0.7812495231628418, "R": [0.9999770522117615, 0.00555206835269928, 0.0038883662782609463, 0.004210568033158779, -0.05925201252102852, -0.9982341527938843, -0.005311861634254456, 0.998227596282959, -0.05927402898669243], "t": [-168.46624755859375, 314.71942138671875, 1455.800048828125], "time": 0.6148855686187744}]}, "16": {"6": [{"scene_id": 1, "im_id": 16, "obj_id": 6, "score": 0.7812495231628418, "R": [0.999208390712738, 0.03934429585933685, 0.005877272225916386, 0.008600033819675446, -0.06939613074064255, -0.9975521564483643, -0.03884012997150421, 0.9968130588531494, -0.06967955827713013], "t": [-167.9519500732422, 313.630859375, 1452.0023193359375], "time": 0.6064891815185547}]}, "17": {"6": [{"scene_id": 1, "im_id": 17, "obj_id": 6, "score": 0.7109371423721313, "R": [0.9984064698219299, 0.05537818372249603, 0.01084448304027319, 0.010200228542089462, 0.011903151869773865, -0.9998770952224731, -0.055500466376543045, 0.9983944296836853, 0.01131930947303772], "t": [-168.54344177246094, 315.390625, 1456.380615234375], "time": 0.6027917861938477}]}, "18": {"6": [{"scene_id": 1, "im_id": 18, "obj_id": 6, "score": 0.7929681539535522, "R": [0.9994322061538696, 0.03313769772648811, 0.006086948327720165, 0.006169983651489019, -0.0024040862917900085, -0.9999780654907227, -0.033122334629297256, 0.9994478225708008, -0.0026071742177009583], "t": [-169.20443725585938, 315.9923400878906, 1459.5809326171875], "time": 0.565326452255249}]}, "19": {"6": [{"scene_id": 1, "im_id": 19, "obj_id": 6, "score": 0.7910149693489075, "R": [0.9986244440078735, 0.05184945464134216, 0.007798560429364443, 0.00866877194494009, -0.0165797658264637, -0.9998249411582947, -0.051711082458496094, 0.9985172748565674, -0.017006441950798035], "t": [-168.8892364501953, 315.48687744140625, 1458.96923828125], "time": 0.5786833763122559}]}, "20": {"6": [{"scene_id": 1, "im_id": 20, "obj_id": 6, "score": 0.7753898501396179, "R": [0.9999960064888, -0.0012249797582626343, -0.00252390094101429, -0.0025642872788012028, -0.034171558916568756, -0.9994127750396729, 0.0011379867792129517, 0.9994152784347534, -0.03417456895112991], "t": [-169.1563720703125, 315.57086181640625, 1458.7230224609375], "time": 0.4986305236816406}]}, "21": {"6": [{"scene_id": 1, "im_id": 21, "obj_id": 6, "score": 0.7558584809303284, "R": [0.9996488690376282, 0.026482485234737396, 0.0009305090643465519, 0.002069882582873106, -0.04302886873483658, -0.9990716576576233, -0.026417851448059082, 0.9987227320671082, -0.043068572878837585], "t": [-168.82073974609375, 314.3094482421875, 1454.614501953125], "time": 0.6360337734222412}]}, "22": {"6": [{"scene_id": 1, "im_id": 22, "obj_id": 6, "score": 0.7421857714653015, "R": [0.9996302127838135, 0.027193982154130936, 0.00014013983309268951, 0.0015675534959882498, -0.05247587710618973, -0.9986209869384766, -0.027149133384227753, 0.9982519149780273, -0.05249909311532974], "t": [-168.29278564453125, 313.2241516113281, 1450.934814453125], "time": 0.5035157203674316}]}, "23": {"6": [{"scene_id": 1, "im_id": 23, "obj_id": 6, "score": 0.7285130023956299, "R": [0.9999189972877502, 0.010553821921348572, -0.007124637253582478, -0.00778288533911109, 0.06370248645544052, -0.9979386329650879, -0.010078184306621552, 0.9979130625724792, 0.06377947330474854], "t": [-168.9024658203125, 316.8067932128906, 1460.48828125], "time": 0.5944693088531494}]}, "24": {"6": [{"scene_id": 1, "im_id": 24, "obj_id": 6, "score": 0.7343717217445374, "R": [0.9981513023376465, 0.06068787723779678, 0.0033089774660766125, -0.002091522328555584, 0.08870930224657059, -0.9960553050041199, -0.06074204295873642, 0.9942071437835693, 0.08867223560810089], "t": [-168.5578155517578, 318.0189514160156, 1468.767333984375], "time": 0.6332314014434814}]}, "25": {"6": [{"scene_id": 1, "im_id": 25, "obj_id": 6, "score": 0.6992157101631165, "R": [0.9709188342094421, 0.23923982679843903, 0.008991005830466747, 0.0069971028715372086, 0.009182363748550415, -0.9999334812164307, -0.23930644989013672, 0.9709171056747437, 0.007241344079375267], "t": [-166.9664306640625, 319.5997009277344, 1480.62744140625], "time": 0.514594316482544}]}, "26": {"6": [{"scene_id": 1, "im_id": 26, "obj_id": 6, "score": 0.7070299386978149, "R": [0.9623944163322449, 0.27076447010040283, 0.021992510184645653, 0.027076251804828644, -0.015053966082632542, -0.9995201826095581, -0.2703034281730652, 0.9625280499458313, -0.021819140762090683], "t": [-160.28927612304688, 317.21502685546875, 1479.0057373046875], "time": 0.5163636207580566}]}, "27": {"6": [{"scene_id": 1, "im_id": 27, "obj_id": 6, "score": 0.7050766348838806, "R": [0.9447190165519714, 0.32157427072525024, 0.06399905681610107, 0.06310711801052094, 0.013208158314228058, -0.9979193210601807, -0.3217505216598511, 0.9467922449111938, -0.007815626449882984], "t": [-145.51918029785156, 310.1314392089844, 1473.9781494140625], "time": 0.6464507579803467}]}, "28": {"6": [{"scene_id": 1, "im_id": 28, "obj_id": 6, "score": 0.7304528951644897, "R": [0.9316200017929077, 0.3586433529853821, 0.05881372094154358, 0.07066959887742996, -0.020026488229632378, -0.9972987174987793, -0.3564966917037964, 0.9332597851753235, -0.04400226101279259], "t": [-121.551513671875, 299.9000244140625, 1478.8363037109375], "time": 0.5951030254364014}]}, "29": {"6": [{"scene_id": 1, "im_id": 29, "obj_id": 6, "score": 0.753905713558197, "R": [0.9361695051193237, 0.35073068737983704, 0.023974455893039703, 0.04749585688114166, -0.05861489102244377, -0.997150182723999, -0.3483259081840515, 0.9346401691436768, -0.07153172791004181], "t": [-87.73037719726562, 287.0606994628906, 1476.4600830078125], "time": 0.5295722484588623}]}, "30": {"6": [{"scene_id": 1, "im_id": 30, "obj_id": 6, "score": 0.7460914254188538, "R": [0.9693617820739746, 0.2456158995628357, 0.0032588110771030188, -0.005448386073112488, 0.034762606024742126, -0.9993807077407837, -0.24557709693908691, 0.9687437415122986, 0.03503575176000595], "t": [-49.35810089111328, 275.27874755859375, 1473.3978271484375], "time": 0.6142537593841553}]}, "31": {"6": [{"scene_id": 1, "im_id": 31, "obj_id": 6, "score": 0.7441403865814209, "R": [0.9742691516876221, 0.22289368510246277, -0.03343847766518593, -0.013519802130758762, -0.09029814600944519, -0.9958231449127197, -0.22498206794261932, 0.9706518054008484, -0.0849611908197403], "t": [-5.7398271560668945, 253.0928192138672, 1433.560791015625], "time": 0.5507194995880127}]}, "32": {"6": [{"scene_id": 1, "im_id": 32, "obj_id": 6, "score": 0.7382811307907104, "R": [0.980668306350708, 0.18985958397388458, -0.04736396297812462, -0.028885630890727043, -0.09893890470266342, -0.9946742653846741, -0.19353456795215607, 0.9768134951591492, -0.09154200553894043], "t": [38.95917892456055, 240.88992309570312, 1430.5406494140625], "time": 0.7157340049743652}]}, "33": {"6": [{"scene_id": 1, "im_id": 33, "obj_id": 6, "score": 0.7324215173721313, "R": [0.9971587061882019, 0.07186233997344971, -0.022590290755033493, -0.039972297847270966, 0.25058817863464355, -0.967268168926239, -0.0638493001461029, 0.9654228687286377, 0.2527486979961395], "t": [85.51351928710938, 238.0837860107422, 1441.70263671875], "time": 0.582643985748291}]}, "34": {"6": [{"scene_id": 1, "im_id": 34, "obj_id": 6, "score": 0.7460936307907104, "R": [0.9986479878425598, 0.0463290698826313, -0.023575546219944954, -0.03257548063993454, 0.20432159304618835, -0.9783616662025452, -0.04050959274172783, 0.9778068661689758, 0.2055545449256897], "t": [130.0546875, 225.62081909179688, 1432.4189453125], "time": 0.608288049697876}]}, "35": {"6": [{"scene_id": 1, "im_id": 35, "obj_id": 6, "score": 0.7617179751396179, "R": [0.9971148371696472, 0.049635134637355804, -0.057430993765592575, -0.06841761618852615, 0.25995901226997375, -0.9631927609443665, -0.03287849575281143, 0.9643431901931763, 0.2626049220561981], "t": [175.0882568359375, 220.3500518798828, 1455.972900390625], "time": 0.5914771556854248}]}, "36": {"6": [{"scene_id": 1, "im_id": 36, "obj_id": 6, "score": 0.7402341365814209, "R": [0.9967913627624512, 0.007592245936393738, -0.0796821117401123, -0.08004070073366165, 0.1020655557513237, -0.9915522933006287, 0.0006046965718269348, 0.9947487115859985, 0.10234576463699341], "t": [217.78895568847656, 219.11502075195312, 1489.0328369140625], "time": 0.5448200702667236}]}, "37": {"6": [{"scene_id": 1, "im_id": 37, "obj_id": 6, "score": 0.726561963558197, "R": [0.996204137802124, -0.0014957133680582047, -0.0870354101061821, -0.08649972081184387, 0.09506058692932129, -0.9917061924934387, 0.009756945073604584, 0.995470404624939, 0.09457036107778549], "t": [250.52464294433594, 217.95616149902344, 1493.7784423828125], "time": 0.4814186096191406}]}, "38": {"6": [{"scene_id": 1, "im_id": 38, "obj_id": 6, "score": 0.7167955040931702, "R": [0.9969248175621033, -0.045703642070293427, -0.06365709751844406, -0.059918567538261414, 0.07897078990936279, -0.9950746297836304, 0.05050557851791382, 0.9958287477493286, 0.07598943263292313], "t": [275.54901123046875, 221.4707489013672, 1492.7708740234375], "time": 0.4903628826141357}]}, "39": {"6": [{"scene_id": 1, "im_id": 39, "obj_id": 6, "score": 0.7304592728614807, "R": [0.9958873987197876, -0.08565858006477356, -0.029512152075767517, -0.022362347692251205, 0.08325960487127304, -0.9962769150733948, 0.08779683709144592, 0.9928395748138428, 0.0810016617178917], "t": [295.1131286621094, 227.95213317871094, 1492.9696044921875], "time": 0.5891280174255371}]}, "40": {"6": [{"scene_id": 1, "im_id": 40, "obj_id": 6, "score": 0.7343695759773254, "R": [0.995602548122406, -0.09302288293838501, -0.011063607409596443, -0.0034467894583940506, 0.08164630085229874, -0.9966553449630737, 0.09361506253480911, 0.9923108816146851, 0.08096662908792496], "t": [311.1585693359375, 236.25228881835938, 1495.4525146484375], "time": 0.5831277370452881}]}, "41": {"6": [{"scene_id": 1, "im_id": 41, "obj_id": 6, "score": 0.734371542930603, "R": [0.9935899376869202, -0.11281154304742813, -0.007250395603477955, -0.0008837344357743859, 0.05638420209288597, -0.9984086751937866, 0.11304084211587906, 0.9920153617858887, 0.05592308193445206], "t": [321.88189697265625, 244.91519165039062, 1490.06787109375], "time": 0.5940585136413574}]}, "42": {"6": [{"scene_id": 1, "im_id": 42, "obj_id": 6, "score": 0.6992135047912598, "R": [0.9944204092025757, -0.10544021427631378, -0.003215430537238717, 0.0009988503297790885, 0.03989128768444061, -0.9992037415504456, 0.1054845079779625, 0.9936253428459167, 0.039774034172296524], "t": [329.6298522949219, 256.6971435546875, 1488.8212890625], "time": 0.5680866241455078}]}, "43": {"6": [{"scene_id": 1, "im_id": 43, "obj_id": 6, "score": 0.7109347581863403, "R": [0.9906061887741089, -0.13586871325969696, 0.0154607854783535, 0.018918806686997414, 0.02419685199856758, -0.999528169631958, 0.13543051481246948, 0.9904313683509827, 0.02654002606868744], "t": [333.7303771972656, 268.6607360839844, 1485.7359619140625], "time": 0.6198079586029053}]}, "44": {"6": [{"scene_id": 1, "im_id": 44, "obj_id": 6, "score": 0.7031221985816956, "R": [0.9932048320770264, -0.1147083193063736, 0.019653888419270515, 0.021743636578321457, 0.016995109617710114, -0.9996191263198853, 0.11433061212301254, 0.9932538866996765, 0.019373802468180656], "t": [338.4073791503906, 280.70257568359375, 1490.296875], "time": 0.5126898288726807}]}, "45": {"6": [{"scene_id": 1, "im_id": 45, "obj_id": 6, "score": 0.6777321696281433, "R": [0.9929378032684326, -0.11715477705001831, 0.018691062927246094, 0.019205639138817787, 0.0032648060005158186, -0.9998102784156799, 0.11707150936126709, 0.993108332157135, 0.005491780582815409], "t": [342.1480407714844, 290.3127136230469, 1495.9505615234375], "time": 0.606027364730835}]}, "46": {"6": [{"scene_id": 1, "im_id": 46, "obj_id": 6, "score": 0.7421861886978149, "R": [0.9930907487869263, -0.11706946045160294, 0.00809052400290966, 0.00882412027567625, 0.00574939139187336, -0.9999446272850037, 0.11701646447181702, 0.9931071996688843, 0.006742700934410095], "t": [345.4720764160156, 298.2470397949219, 1498.95068359375], "time": 0.6295750141143799}]}, "47": {"6": [{"scene_id": 1, "im_id": 47, "obj_id": 6, "score": 0.7421850562095642, "R": [0.9862633347511292, -0.16517174243927002, 0.0017298849998041987, 0.001068521523848176, -0.004092867020517588, -0.9999911189079285, 0.16517731547355652, 0.9862564206123352, -0.0038601551204919815], "t": [343.0423583984375, 303.71148681640625, 1486.08056640625], "time": 0.5437815189361572}]}, "48": {"6": [{"scene_id": 1, "im_id": 48, "obj_id": 6, "score": 0.7265618443489075, "R": [0.9896658062934875, -0.1433928906917572, 4.203365824650973e-05, 0.003536391071975231, 0.02411433681845665, -0.9997029304504395, 0.1433492749929428, 0.9893720149993896, 0.024372229352593422], "t": [343.5613708496094, 313.90478515625, 1488.685546875], "time": 0.5429856777191162}]}, "49": {"6": [{"scene_id": 1, "im_id": 49, "obj_id": 6, "score": 0.7304672002792358, "R": [0.9885625839233398, -0.1507817804813385, 0.0030024852603673935, 0.002512721810489893, -0.003438579849898815, -0.9999909400939941, 0.150790736079216, 0.98856121301651, -0.003020377829670906], "t": [346.296142578125, 318.1463317871094, 1500.4481201171875], "time": 0.7169334888458252}]}, "50": {"6": [{"scene_id": 1, "im_id": 50, "obj_id": 6, "score": 0.7187495231628418, "R": [0.9884678721427917, -0.15140335261821747, 0.0028609149158000946, 0.002705081133171916, -0.0012352215126156807, -0.9999955296516418, 0.15140622854232788, 0.9884713292121887, -0.0008114194497466087], "t": [347.2072448730469, 319.033203125, 1503.72998046875], "time": 0.5546298027038574}]}, "51": {"6": [{"scene_id": 1, "im_id": 51, "obj_id": 6, "score": 0.7363265752792358, "R": [0.9866559505462646, -0.16254031658172607, 0.009529106318950653, 0.005134797655045986, -0.027433915063738823, -0.9996105432510376, 0.16273841261863708, 0.9863204956054688, -0.026233220472931862], "t": [345.92645263671875, 318.1966857910156, 1497.65087890625], "time": 0.6587879657745361}]}, "52": {"6": [{"scene_id": 1, "im_id": 52, "obj_id": 6, "score": 0.7460927963256836, "R": [0.9896950721740723, -0.14307716488838196, 0.005722834262996912, -0.0001754967961460352, -0.04117827117443085, -0.999151885509491, 0.14319147169589996, 0.988854706287384, -0.04077903553843498], "t": [347.6224670410156, 319.19268798828125, 1501.3831787109375], "time": 0.5387279987335205}]}, "53": {"6": [{"scene_id": 1, "im_id": 53, "obj_id": 6, "score": 0.7324211001396179, "R": [0.9884129762649536, -0.15176637470722198, 0.00263637094758451, -0.0026866463012993336, -0.03485802561044693, -0.9993888139724731, 0.15176549553871155, 0.9878016114234924, -0.034861862659454346], "t": [346.9489440917969, 318.736083984375, 1499.9580078125], "time": 0.4724032878875732}]}, "54": {"6": [{"scene_id": 1, "im_id": 54, "obj_id": 6, "score": 0.7304679751396179, "R": [0.9886550307273865, -0.15018178522586823, 0.002556806430220604, -0.0022381823509931564, -0.03175020217895508, -0.9994932413101196, 0.15018688142299652, 0.98814857006073, -0.031726133078336716], "t": [345.7651672363281, 317.63751220703125, 1496.907470703125], "time": 0.5392947196960449}]}, "55": {"6": [{"scene_id": 1, "im_id": 55, "obj_id": 6, "score": 0.7402335405349731, "R": [0.9890719056129456, -0.14743375778198242, -0.00040173897286877036, -0.004311464261263609, -0.026199910789728165, -0.9996473789215088, 0.14737124741077423, 0.988724946975708, -0.02654924802482128], "t": [346.8234558105469, 318.6776123046875, 1500.9852294921875], "time": 0.6165392398834229}]}, "56": {"6": [{"scene_id": 1, "im_id": 56, "obj_id": 6, "score": 0.7460927963256836, "R": [0.987267792224884, -0.1590290516614914, 0.0034734979271888733, -0.002803015522658825, -0.03922639787197113, -0.9992263913154602, 0.15904228389263153, 0.9864943027496338, -0.039172716438770294], "t": [346.109130859375, 318.0050354003906, 1497.956787109375], "time": 0.5438253879547119}]}, "57": {"6": [{"scene_id": 1, "im_id": 57, "obj_id": 6, "score": 0.7226545214653015, "R": [0.9876256585121155, -0.15674138069152832, 0.005255923140794039, 0.001115955412387848, -0.02648904174566269, -0.9996484518051147, 0.15682551264762878, 0.9872843623161316, -0.02598634548485279], "t": [345.52886962890625, 317.56329345703125, 1496.6900634765625], "time": 0.4892854690551758}]}, "58": {"6": [{"scene_id": 1, "im_id": 58, "obj_id": 6, "score": 0.7167950868606567, "R": [0.9877856373786926, -0.1558172106742859, 0.0006871487712487578, -0.0035253814421594143, -0.026757124811410904, -0.9996357560157776, 0.15577885508537292, 0.9874234795570374, -0.02697962149977684], "t": [345.5093688964844, 317.6280212402344, 1496.4378662109375], "time": 0.4492301940917969}]}, "59": {"6": [{"scene_id": 1, "im_id": 59, "obj_id": 6, "score": 0.7226555347442627, "R": [0.9903539419174194, -0.13856078684329987, -0.0004884472582489252, -0.003034505993127823, -0.01816438138484955, -0.9998304843902588, 0.13852839171886444, 0.990187406539917, -0.018409622833132744], "t": [346.1094970703125, 318.069580078125, 1499.182373046875], "time": 0.4464187622070312}]}, "60": {"6": [{"scene_id": 1, "im_id": 60, "obj_id": 6, "score": 0.7031242251396179, "R": [0.9937165975570679, -0.11185992509126663, -0.0038440064527094364, -0.0066645704209804535, -0.024852154776453972, -0.9996688961982727, 0.11172735691070557, 0.9934131503105164, -0.025441497564315796], "t": [346.20440673828125, 318.1810607910156, 1499.3179931640625], "time": 0.7990243434906006}]}, "61": {"6": [{"scene_id": 1, "im_id": 61, "obj_id": 6, "score": 0.6777328848838806, "R": [0.9948656558990479, -0.10118210315704346, 0.002154442248865962, -0.0020335926674306393, -0.0412696972489357, -0.999146044254303, 0.10118459165096283, 0.9940117597579956, -0.04126356169581413], "t": [346.97998046875, 318.7662048339844, 1501.3995361328125], "time": 0.4740357398986816}]}, "62": {"6": [{"scene_id": 1, "im_id": 62, "obj_id": 6, "score": 0.7050768733024597, "R": [0.9957513809204102, -0.09199611097574234, 0.00399730633944273, -0.001464869361370802, -0.0592300146818161, -0.9982433319091797, 0.09207125753164291, 0.9939963221549988, -0.059113115072250366], "t": [347.2676086425781, 317.94189453125, 1499.501953125], "time": 0.4729859828948974}]}, "63": {"6": [{"scene_id": 1, "im_id": 63, "obj_id": 6, "score": 0.7070308327674866, "R": [0.9922233819961548, -0.12436917424201965, 0.005011795088648796, -0.005119196139276028, -0.0810059905052185, -0.9967005848884583, 0.12436478585004807, 0.988923966884613, -0.08101270347833633], "t": [347.936767578125, 316.3369140625, 1497.4295654296875], "time": 0.6088249683380127}]}, "64": {"6": [{"scene_id": 1, "im_id": 64, "obj_id": 6, "score": 0.7187492847442627, "R": [0.9929919242858887, -0.11781283468008041, -0.009337689727544785, -0.017296086996793747, -0.06671075522899628, -0.9976224899291992, 0.11690979450941086, 0.9907925128936768, -0.06828095018863678], "t": [347.85845947265625, 312.1678771972656, 1485.7462158203125], "time": 0.5035223960876465}]}, "65": {"6": [{"scene_id": 1, "im_id": 65, "obj_id": 6, "score": 0.6894524097442627, "R": [0.993025541305542, -0.11742996424436569, -0.01051933504641056, -0.019599419087171555, -0.07643869519233704, -0.9968817234039307, 0.11625966429710388, 0.9901350140571594, -0.0782071202993393], "t": [348.1922912597656, 306.4739990234375, 1474.1234130859375], "time": 0.4532551765441894}]}, "66": {"6": [{"scene_id": 1, "im_id": 66, "obj_id": 6, "score": 0.718749463558197, "R": [0.9930979609489441, -0.11347803473472595, -0.029651686549186707, -0.040636442601680756, -0.09574639052152634, -0.9945759177207947, 0.11002348363399506, 0.988916277885437, -0.09969688951969147], "t": [346.901123046875, 299.4005432128906, 1447.225341796875], "time": 0.5637774467468262}]}, "67": {"6": [{"scene_id": 1, "im_id": 67, "obj_id": 6, "score": 0.7285149097442627, "R": [0.9949268698692322, -0.0863068625330925, -0.051687587052583694, -0.05837976932525635, -0.0769059807062149, -0.9953277111053467, 0.08192852884531021, 0.9932957887649536, -0.08155441284179688], "t": [346.3372497558594, 296.48046875, 1420.621826171875], "time": 0.4871935844421386}]}, "68": {"6": [{"scene_id": 1, "im_id": 68, "obj_id": 6, "score": 0.746093213558197, "R": [0.9961305260658264, -0.05244586616754532, -0.07052168250083923, -0.07454457879066467, -0.07918083667755127, -0.9940692186355591, 0.046550851315259933, 0.9954797029495239, -0.0827840119600296], "t": [343.5916442871094, 295.9359436035156, 1384.104248046875], "time": 0.6286540031433105}]}, "69": {"6": [{"scene_id": 1, "im_id": 69, "obj_id": 6, "score": 0.7285151481628418, "R": [0.9963859915733337, -0.023154953494668007, -0.08172428607940674, -0.08333132416009903, -0.08003464341163635, -0.9933028221130371, 0.016459107398986816, 0.9965232610702515, -0.08167492598295212], "t": [339.93145751953125, 298.4720458984375, 1345.331298828125], "time": 0.5075857639312744}]}, "70": {"6": [{"scene_id": 1, "im_id": 70, "obj_id": 6, "score": 0.7246089577674866, "R": [0.9943981766700745, 0.06450779736042023, -0.08373227715492249, -0.079924575984478, -0.059507522732019424, -0.9950231313705444, -0.06916944682598114, 0.9961414337158203, -0.05401840806007385], "t": [335.1590881347656, 300.32415771484375, 1306.60107421875], "time": 0.5486526489257812}]}, "71": {"6": [{"scene_id": 1, "im_id": 71, "obj_id": 6, "score": 0.7441403865814209, "R": [0.9866052269935608, 0.13444270193576813, -0.09238727390766144, -0.09112077951431274, -0.015556611120700836, -0.9957183599472046, -0.135304257273674, 0.9907993078231812, -0.0030977055430412292], "t": [333.4979553222656, 303.5054016113281, 1280.54052734375], "time": 0.6996934413909912}]}, "72": {"6": [{"scene_id": 1, "im_id": 72, "obj_id": 6, "score": 0.7265621423721313, "R": [0.987520158290863, 0.12670308351516724, -0.09354276955127716, -0.09712472558021545, 0.02238040417432785, -0.9950205683708191, -0.1239786446094513, 0.9916881918907166, 0.0344071090221405], "t": [333.2919921875, 303.45782470703125, 1256.3775634765625], "time": 0.4771137237548828}]}, "73": {"6": [{"scene_id": 1, "im_id": 73, "obj_id": 6, "score": 0.736327588558197, "R": [0.9846075773239136, 0.13377948105335236, -0.11247704178094864, -0.11567119508981705, 0.016323620453476906, -0.9931533932685852, -0.13102753460407257, 0.9908767342567444, 0.03154679015278816], "t": [333.230712890625, 301.3953857421875, 1230.4305419921875], "time": 0.5942535400390625}]}, "74": {"6": [{"scene_id": 1, "im_id": 74, "obj_id": 6, "score": 0.7324212193489075, "R": [0.9802159070968628, 0.15526878833770752, -0.12275313585996628, -0.1274988353252411, 0.020945711061358452, -0.9916175603866577, -0.15139609575271606, 0.9876503348350525, 0.04032790660858154], "t": [331.27093505859375, 298.6322326660156, 1202.248779296875], "time": 0.6549427509307861}]}, "75": {"6": [{"scene_id": 1, "im_id": 75, "obj_id": 6, "score": 0.732421338558197, "R": [0.9772875308990479, 0.17316946387290955, -0.12215366214513779, -0.1301843374967575, 0.035758111625909805, -0.9908448457717896, -0.16721606254577637, 0.9842427372932434, 0.05748990178108215], "t": [330.7406005859375, 298.8999938964844, 1182.1820068359375], "time": 0.6925828456878662}]}, "76": {"6": [{"scene_id": 1, "im_id": 76, "obj_id": 6, "score": 0.7363271117210388, "R": [0.9697676301002502, 0.21962743997573853, -0.1063699945807457, -0.11784655600786209, 0.039793889969587326, -0.9922342896461487, -0.2136889547109604, 0.9747719764709473, 0.06447316706180573], "t": [325.32855224609375, 298.199951171875, 1155.6771240234375], "time": 0.4748256206512451}]}, "77": {"6": [{"scene_id": 1, "im_id": 77, "obj_id": 6, "score": 0.7519519925117493, "R": [0.9741170406341553, 0.2113960236310959, -0.08004900813102722, -0.0938425287604332, 0.056028228253126144, -0.9940093159675598, -0.20564457774162292, 0.9757933616638184, 0.07441598922014236], "t": [324.3902587890625, 302.347412109375, 1143.2679443359375], "time": 0.5269250869750977}]}, "78": {"6": [{"scene_id": 1, "im_id": 78, "obj_id": 6, "score": 0.7363269329071045, "R": [0.9887043833732605, 0.13179633021354675, -0.07136711478233337, -0.07219699025154114, 0.0015227720141410828, -0.9973891973495483, -0.13134360313415527, 0.9912757277488708, 0.011020880192518234], "t": [324.2679443359375, 308.1026306152344, 1134.3255615234375], "time": 0.5579304695129395}]}, "79": {"6": [{"scene_id": 1, "im_id": 79, "obj_id": 6, "score": 0.7226554155349731, "R": [0.9842234253883362, 0.1644679605960846, -0.06522644311189651, -0.06903048604726791, 0.017514685168862343, -0.9974607825279236, -0.1629079282283783, 0.9862270355224609, 0.028591666370630264], "t": [319.39886474609375, 310.235595703125, 1116.2122802734375], "time": 0.5540964603424072}]}, "80": {"6": [{"scene_id": 1, "im_id": 80, "obj_id": 6, "score": 0.7421868443489075, "R": [0.9709813594818115, 0.22892865538597107, -0.06918814033269882, -0.07891727238893509, 0.03360895812511444, -0.9963145852088928, -0.2257595658302307, 0.972862958908081, 0.05070008710026741], "t": [319.54901123046875, 315.9458923339844, 1113.692626953125], "time": 0.5209412574768066}]}, "81": {"6": [{"scene_id": 1, "im_id": 81, "obj_id": 6, "score": 0.7499991655349731, "R": [0.9705222845077515, 0.23760053515434265, -0.04040219634771347, -0.05040505528450012, 0.03617364168167114, -0.9980735182762146, -0.23568129539489746, 0.9706891775131226, 0.047083593904972076], "t": [318.517822265625, 320.60406494140625, 1103.6357421875], "time": 0.6395270824432373}]}, "82": {"6": [{"scene_id": 1, "im_id": 82, "obj_id": 6, "score": 0.7128894925117493, "R": [0.9712074995040894, 0.2364652156829834, -0.028989827260375023, -0.0417761355638504, 0.04924178868532181, -0.9979128837585449, -0.23454417288303375, 0.9703915119171143, 0.05770258232951164], "t": [317.35992431640625, 327.4229431152344, 1103.1097412109375], "time": 0.7916536331176758}]}, "83": {"6": [{"scene_id": 1, "im_id": 83, "obj_id": 6, "score": 0.7617179155349731, "R": [0.9849884510040283, 0.1720978319644928, -0.013418495655059814, -0.017279844731092453, 0.020958447828888893, -0.9996310472488403, -0.17175310850143433, 0.9848569631576538, 0.02361764758825302], "t": [314.1178894042969, 332.1152648925781, 1096.68017578125], "time": 0.546015739440918}]}, "84": {"6": [{"scene_id": 1, "im_id": 84, "obj_id": 6, "score": 0.7304685711860657, "R": [0.9780943989753723, 0.20781010389328003, 0.012100569903850555, 0.01593683287501335, -0.016796104609966278, -0.9997320771217346, -0.20755115151405334, 0.9780250191688538, -0.01974000781774521], "t": [314.2769470214844, 340.70355224609375, 1105.23193359375], "time": 0.5932364463806152}]}, "85": {"6": [{"scene_id": 1, "im_id": 85, "obj_id": 6, "score": 0.7226559519767761, "R": [0.9462593793869019, 0.32311585545539856, -0.013769167475402355, -0.02455473691225052, 0.02932710200548172, -0.9992682933807373, -0.3224756121635437, 0.9459050297737122, 0.03568507730960846], "t": [312.1687927246094, 338.98236083984375, 1096.7239990234375], "time": 0.6432592868804932}]}, "86": {"6": [{"scene_id": 1, "im_id": 86, "obj_id": 6, "score": 0.7324217557907104, "R": [0.9771528244018555, 0.21241989731788635, -0.0070849088951945305, -0.0028809593059122562, -0.02009376510977745, -0.9997938871383667, -0.21251846849918365, 0.9769719243049622, -0.019022703170776367], "t": [315.4100646972656, 342.2518615722656, 1105.3765869140625], "time": 0.5932753086090088}]}, "87": {"6": [{"scene_id": 1, "im_id": 87, "obj_id": 6, "score": 0.6562497019767761, "R": [0.9700170159339905, 0.2430163025856018, -0.0031471685506403446, -0.006197664886713028, 0.011789143085479736, -0.9999111890792847, -0.24295762181282043, 0.9699506163597107, 0.012941796332597733], "t": [316.9877624511719, 343.74249267578125, 1110.557373046875], "time": 0.5954256057739258}]}, "88": {"6": [{"scene_id": 1, "im_id": 88, "obj_id": 6, "score": 0.7617178559303284, "R": [0.953400194644928, 0.3016204833984375, -0.007311666384339333, -0.016320789232850075, 0.02735982835292816, -0.9994925260543823, -0.3012673556804657, 0.9530354738235474, 0.0310075581073761], "t": [314.50048828125, 340.3116149902344, 1102.3048095703125], "time": 0.5695099830627441}]}, "89": {"6": [{"scene_id": 1, "im_id": 89, "obj_id": 6, "score": 0.7519522905349731, "R": [0.9821170568466187, 0.1882360875606537, 0.0036357645876705647, 0.0056541538797318935, -0.010186808183789253, -0.9999321699142456, -0.18818622827529907, 0.982071042060852, -0.011068958789110184], "t": [316.08551025390625, 341.8251647949219, 1106.2210693359375], "time": 0.4398071765899658}]}, "90": {"6": [{"scene_id": 1, "im_id": 90, "obj_id": 6, "score": 0.7421868443489075, "R": [0.9806685447692871, 0.1954570710659027, 0.009265721775591373, 0.0179152712225914, -0.04253155738115311, -0.9989345669746399, -0.1948547214269638, 0.9797896146774292, -0.04521101713180542], "t": [316.7665100097656, 342.9683532714844, 1107.53955078125], "time": 0.5919156074523926}]}, "91": {"6": [{"scene_id": 1, "im_id": 91, "obj_id": 6, "score": 0.7714841365814209, "R": [0.973925769329071, 0.22657401859760284, 0.011526834219694138, 0.012216472066938877, -0.0016417577862739563, -0.9999241232872009, -0.22653785347938538, 0.9739927053451538, -0.004366885870695114], "t": [317.6732177734375, 344.2893981933594, 1112.615966796875], "time": 0.5328080654144287}]}, "92": {"6": [{"scene_id": 1, "im_id": 92, "obj_id": 6, "score": 0.7578121423721313, "R": [0.973552942276001, 0.2282124161720276, 0.01066763885319233, 0.011218875646591187, -0.0011182967573404312, -0.9999364614486694, -0.22818595170974731, 0.9736108779907227, -0.0036490075290203094], "t": [317.5098876953125, 343.62371826171875, 1111.3411865234375], "time": 0.6295003890991211}]}, "93": {"6": [{"scene_id": 1, "im_id": 93, "obj_id": 6, "score": 0.7070310115814209, "R": [0.9821358919143677, 0.18768912553787231, 0.013490356504917145, 0.020240072160959244, -0.034092288464307785, -0.9992135763168335, -0.18708164989948273, 0.981636643409729, -0.03728209435939789], "t": [317.69244384765625, 344.0682373046875, 1111.97119140625], "time": 0.5374054908752441}]}, "94": {"6": [{"scene_id": 1, "im_id": 94, "obj_id": 6, "score": 0.7519528865814209, "R": [0.9783230423927307, 0.20680873095989227, 0.010685865767300129, 0.014968295581638813, -0.019153552129864693, -0.9997044801712036, -0.2065429538488388, 0.978193998336792, -0.021833933889865875], "t": [317.5301818847656, 343.9997253417969, 1111.9696044921875], "time": 0.4879615306854248}]}, "95": {"6": [{"scene_id": 1, "im_id": 95, "obj_id": 6, "score": 0.7519524693489075, "R": [0.9474454522132874, 0.3197789490222931, -0.009414931759238243, -0.016763949766755104, 0.02023664116859436, -0.9996546506881714, -0.31947797536849976, 0.9472761750221252, 0.024533860385417938], "t": [315.215576171875, 341.1651611328125, 1103.8682861328125], "time": 0.6489510536193848}]}, "96": {"6": [{"scene_id": 1, "im_id": 96, "obj_id": 6, "score": 0.7363274693489075, "R": [0.974636435508728, 0.22374849021434784, 0.004515123553574085, 0.005078141111880541, -0.0019409619271755219, -0.9999852180480957, -0.22373640537261963, 0.9746449589729309, -0.003027958795428276], "t": [316.94781494140625, 343.1825256347656, 1109.1199951171875], "time": 0.6042206287384033}]}, "97": {"6": [{"scene_id": 1, "im_id": 97, "obj_id": 6, "score": 0.7265614867210388, "R": [0.9782971143722534, 0.20694729685783386, 0.010373461991548538, 0.01484851073473692, -0.020082542672753334, -0.9996880292892456, -0.20667442679405212, 0.9781460165977478, -0.022719552740454674], "t": [317.2243347167969, 343.5757751464844, 1110.8909912109375], "time": 0.6162655353546143}]}, "98": {"6": [{"scene_id": 1, "im_id": 98, "obj_id": 6, "score": 0.7441389560699463, "R": [0.9463563561439514, 0.3229469954967499, -0.01073302049189806, -0.019103454425930977, 0.022760353982448578, -0.9995585680007935, -0.3225601315498352, 0.9461434483528137, 0.02770882099866867], "t": [315.6206970214844, 341.56573486328125, 1105.4013671875], "time": 0.5096943378448486}]}, "99": {"6": [{"scene_id": 1, "im_id": 99, "obj_id": 6, "score": 0.7656242251396179, "R": [0.9782397747039795, 0.20659443736076355, 0.019126081839203835, 0.028334742411971092, -0.04170691967010498, -0.9987280964851379, -0.2055339217185974, 0.9775375127792358, -0.04665315896272659], "t": [316.4615173339844, 342.5091857910156, 1108.689697265625], "time": 0.5222327709197998}]}, "100": {"6": [{"scene_id": 1, "im_id": 100, "obj_id": 6, "score": 0.7558586597442627, "R": [0.9628515243530273, 0.2689998745918274, 0.023580970242619514, 0.008006123825907707, 0.05884997546672821, -0.9982346892356873, -0.2699127495288849, 0.961340606212616, 0.05451013892889023], "t": [315.1646728515625, 341.6771545410156, 1107.523681640625], "time": 0.5023031234741211}]}, "101": {"6": [{"scene_id": 1, "im_id": 101, "obj_id": 6, "score": 0.732420802116394, "R": [0.9588153958320618, 0.2722954750061035, 0.08079713582992554, 0.06568650156259537, 0.06417474150657654, -0.9957744479179382, -0.27633002400398254, 0.9600710868835449, 0.04364559054374695], "t": [314.29547119140625, 340.6608581542969, 1119.941650390625], "time": 0.4858269691467285}]}, "102": {"6": [{"scene_id": 1, "im_id": 102, "obj_id": 6, "score": 0.7402328848838806, "R": [0.9790747761726379, 0.18010112643241882, 0.09474226832389832, 0.09117740392684937, 0.02798907458782196, -0.9954413175582886, -0.18193185329437256, 0.9832499623298645, 0.01098226010799408], "t": [307.98577880859375, 329.82733154296875, 1120.40869140625], "time": 0.5596859455108643}]}, "103": {"6": [{"scene_id": 1, "im_id": 103, "obj_id": 6, "score": 0.7070294618606567, "R": [0.9469736814498901, 0.32087796926498413, 0.016682779416441917, -0.0038243243470788, 0.06317315250635147, -0.9979951977729797, -0.3212885558605194, 0.9450114369392395, 0.06105044111609459], "t": [301.3846740722656, 311.2043151855469, 1117.3248291015625], "time": 0.6151959896087646}]}, "104": {"6": [{"scene_id": 1, "im_id": 104, "obj_id": 6, "score": 0.7675753235816956, "R": [0.9741537570953369, 0.2241823673248291, -0.02768842503428459, -0.02522396668791771, -0.013850051909685135, -0.9995858669281006, -0.2244730293750763, 0.9744488000869751, -0.007837310433387756], "t": [296.7835388183594, 291.3550109863281, 1131.0980224609375], "time": 0.5102033615112305}]}, "105": {"6": [{"scene_id": 1, "im_id": 105, "obj_id": 6, "score": 0.7519528865814209, "R": [0.959307074546814, 0.2679656445980072, -0.0890190601348877, -0.10904505103826523, 0.060772690922021866, -0.992177426815033, -0.2604594826698303, 0.9615098237991333, 0.08752000331878662], "t": [283.0243835449219, 266.4507751464844, 1133.548095703125], "time": 0.765195369720459}]}, "106": {"6": [{"scene_id": 1, "im_id": 106, "obj_id": 6, "score": 0.7539059519767761, "R": [0.9586905837059021, 0.2674950063228607, -0.09674068540334702, -0.13213185966014862, 0.11760375648736954, -0.9842308759689331, -0.251899778842926, 0.9563554525375366, 0.14809022843837738], "t": [263.199157714843