{"1": {"18": {"1": [{"scene_id": 1, "im_id": 18, "obj_id": 1, "score": 0.7480468153953552, "R": [-0.33845463395118713, 0.9407411217689514, 0.02132500149309635, 0.053247179836034775, 0.04177331179380417, -0.9977073073387146, -0.9394750595092773, -0.33654314279556274, -0.06423017382621765], "t": [-245.86233520507812, 156.01632690429688, 1194.08056640625], "time": 6.116126775741577}], "2": [{"scene_id": 1, "im_id": 18, "obj_id": 2, "score": 0.6738280653953552, "R": [-0.928887665271759, 0.3701658546924591, -0.01203976571559906, 0.07335115969181061, 0.15200741589069366, -0.985653817653656, -0.3630252182483673, -0.9164448380470276, -0.16834989190101624], "t": [243.90762329101562, 168.302734375, 1193.1644287109375], "time": 6.116126775741577}], "3": [{"scene_id": 1, "im_id": 18, "obj_id": 3, "score": 0.6796852946281433, "R": [-0.0830952525138855, 0.9962437152862549, -0.02436668425798416, 0.07811107486486435, -0.017864780500531197, -0.9967846274375916, -0.9934756755828857, -0.08473138511180878, -0.0763331949710846], "t": [15.604992866516113, 237.673095703125, 1210.041748046875], "time": 6.116126775741577}], "4": [{"scene_id": 1, "im_id": 18, "obj_id": 4, "score": 0.7847985923290253, "R": [0.5910914540290833, 0.8063486218452454, -0.020322533324360847, 0.04507385194301605, -0.05817607417702675, -0.9972883462905884, -0.8053442239761353, 0.5885725617408752, -0.07073260843753815], "t": [-264.3714904785156, 279.27850341796875, 883.078857421875], "time": 6.116126775741577}]}, "150": {"2": [{"scene_id": 1, "im_id": 150, "obj_id": 2, "score": 0.66015625, "R": [-0.958919107913971, 0.28255629539489746, -0.02522174082696438, 0.050577957183122635, 0.0828063115477562, -0.9952813982963562, -0.27913451194763184, -0.9556699395179749, -0.09369565546512604], "t": [245.98025512695312, 170.0361785888672, 1200.55078125], "time": 3.333050012588501}], "1": [{"scene_id": 1, "im_id": 150, "obj_id": 1, "score": 0.7773436903953552, "R": [-0.2940058410167694, 0.9556446671485901, 0.01743394508957863, 0.06692273169755936, 0.03877738490700722, -0.997004508972168, -0.9534579515457153, -0.29195842146873474, -0.07535513490438461], "t": [-244.99313354492188, 154.97402954101562, 1194.4638671875], "time": 3.333050012588501}], "3": [{"scene_id": 1, "im_id": 150, "obj_id": 3, "score": 0.6699009537696838, "R": [0.14411410689353943, 0.989063560962677, -0.0313781276345253, 0.07559031248092651, -0.042619504034519196, -0.9962278008460999, -0.9866697788238525, 0.14119860529899597, -0.08090569078922272], "t": [15.620274543762207, 236.67752075195312, 1202.6087646484375], "time": 3.333050012588501}], "4": [{"scene_id": 1, "im_id": 150, "obj_id": 4, "score": 0.8162317872047424, "R": [0.5825929045677185, 0.8124796748161316, -0.021504824981093407, 0.039674416184425354, -0.05485616996884346, -0.9977058172225952, -0.8117953538894653, 0.5804030895233154, -0.06419345736503601], "t": [-264.07501220703125, 279.0296325683594, 881.94384765625], "time": 3.333050012588501}]}, "76": {"2": [{"scene_id": 1, "im_id": 76, "obj_id": 2, "score": 0.6738280653953552, "R": [-0.9310389757156372, 0.3646690547466278, -0.013523275032639503, 0.07130660861730576, 0.14545953273773193, -0.98679119348526, -0.35788509249687195, -0.9197053909301758, -0.16143180429935455], "t": [243.96437072753906, 168.4592742919922, 1193.61572265625], "time": 3.3061399459838867}], "1": [{"scene_id": 1, "im_id": 76, "obj_id": 1, "score": 0.6718748807907104, "R": [-0.1529616415500641, -0.38309645652770996, 0.9109554886817932, 0.046187303960323334, 0.918024480342865, 0.3938247263431549, -0.9871522784233093, 0.10231465101242065, -0.12272834032773972], "t": [-101.75167846679688, 59.69131088256836, 1175.47119140625], "time": 3.3061399459838867}], "3": [{"scene_id": 1, "im_id": 76, "obj_id": 3, "score": 0.6659594178199768, "R": [-0.6378298997879028, -0.7700481414794922, -0.01411446277052164, -0.07411275804042816, 0.07960808277130127, -0.994067370891571, 0.7666032314300537, -0.6329996585845947, -0.10784677416086197], "t": [16.23819923400879, 237.3289794921875, 1204.4862060546875], "time": 3.3061399459838867}], "4": [{"scene_id": 1, "im_id": 76, "obj_id": 4, "score": 0.782078355550766, "R": [0.5695712566375732, 0.8215466737747192, -0.025491371750831604, 0.02953125350177288, -0.051447637379169464, -0.9982389211654663, -0.8214113712310791, 0.5678154230117798, -0.053564392030239105], "t": [-263.86334228515625, 278.4794006347656, 880.2708129882812], "time": 3.3061399459838867}]}, "227": {"2": [{"scene_id": 1, "im_id": 227, "obj_id": 2, "score": 0.673828125, "R": [-0.9565045237541199, 0.28496024012565613, -0.06242423877120018, 0.08740745484828949, 0.07580216228961945, -0.9932844042778015, -0.27831465005874634, -0.9555373191833496, -0.09741273522377014], "t": [276.376220703125, 169.72398376464844, 1197.7410888671875], "time": 3.323163747787476}], "1": [{"scene_id": 1, "im_id": 227, "obj_id": 1, "score": 0.802734375, "R": [-0.28161606192588806, 0.9593122601509094, 0.02030804380774498, 0.05875560641288757, 0.03836550936102867, -0.9975348711013794, -0.9577265381813049, -0.27972862124443054, -0.06716930866241455], "t": [-245.35824584960938, 154.8591766357422, 1197.8824462890625], "time": 3.323163747787476}], "3": [{"scene_id": 1, "im_id": 227, "obj_id": 3, "score": 0.6699183583259583, "R": [-0.7401934266090393, 0.6716125011444092, -0.032409582287073135, 0.05874299257993698, 0.016575075685977936, -0.998135507106781, -0.6698230504989624, -0.7407171726226807, -0.05172129347920418], "t": [15.632973670959473, 233.61117553710938, 1189.9117431640625], "time": 3.323163747787476}], "4": [{"scene_id": 1, "im_id": 227, "obj_id": 4, "score": 0.786835104227066, "R": [0.5739464163780212, 0.8180349469184875, -0.037477895617485046, 0.030365359038114548, -0.06699527055025101, -0.9972911477088928, -0.8183297514915466, 0.5712535977363586, -0.06329160928726196], "t": [-264.2535095214844, 278.83526611328125, 881.6179809570312], "time": 3.323163747787476}]}, "71": {"2": [{"scene_id": 1, "im_id": 71, "obj_id": 2, "score": 0.6640624403953552, "R": [-0.9306356310844421, 0.36569714546203613, -0.013529473915696144, 0.07313846796751022, 0.14964509010314941, -0.9860310554504395, -0.3585640788078308, -0.9186251759529114, -0.16601154208183289], "t": [243.8695068359375, 168.3927001953125, 1193.539306640625], "time": 5.565320014953613}], "1": [{"scene_id": 1, "im_id": 71, "obj_id": 1, "score": 0.6972653269767761, "R": [-0.2131483107805252, -0.23427221179008484, 0.9485169053077698, 0.09647445380687714, 0.9610355496406555, 0.2590436339378357, -0.9722450971603394, 0.14672237634658813, -0.18224182724952698], "t": [-117.16600799560547, 59.9198112487793, 1177.6043701171875], "time": 5.565320014953613}], "3": [{"scene_id": 1, "im_id": 71, "obj_id": 3, "score": 0.6718356609344482, "R": [-0.6650753021240234, -0.7466356754302979, -0.014494316652417183, -0.06167011708021164, 0.07425563782453537, -0.9953305125236511, 0.7442255616188049, -0.6610758304595947, -0.09543069452047348], "t": [15.88674259185791, 237.7666015625, 1208.4371337890625], "time": 5.565320014953613}], "4": [{"scene_id": 1, "im_id": 71, "obj_id": 4, "score": 0.7596814036369324, "R": [0.5946553349494934, 0.8036792874336243, -0.022016111761331558, 0.044202011078596115, -0.0600237175822258, -0.9972177147865295, -0.8027647733688354, 0.5920276045799255, -0.07121765613555908], "t": [-263.3284912109375, 278.3464050292969, 879.8746337890625], "time": 5.565320014953613}]}, "49": {"2": [{"scene_id": 1, "im_id": 49, "obj_id": 2, "score": 0.6718749403953552, "R": [-0.9586706757545471, 0.28325170278549194, -0.026814620941877365, 0.050766341388225555, 0.07756011933088303, -0.9956943392753601, -0.27995237708091736, -0.9559043645858765, -0.08873426914215088], "t": [245.23724365234375, 169.4542999267578, 1196.921875], "time": 3.2254035472869877}], "1": [{"scene_id": 1, "im_id": 49, "obj_id": 1, "score": 0.6503897905349731, "R": [-0.31368488073349, 0.5912021398544312, 0.743022084236145, 0.08827266842126846, 0.7972860932350159, -0.5971121191978455, -0.9454150795936584, -0.12171649932861328, -0.3022836148738861], "t": [-171.26058959960938, 51.28795623779297, 1181.005859375], "time": 3.2254035472869877}], "3": [{"scene_id": 1, "im_id": 49, "obj_id": 3, "score": 0.6796802878379822, "R": [0.06749163568019867, 0.9974600672721863, -0.022771671414375305, 0.09365016967058182, -0.02905634604394436, -0.9951812028884888, -0.9933149814605713, 0.06503383070230484, -0.09537336230278015], "t": [15.866117477416992, 238.0672149658203, 1211.5035400390625], "time": 3.2254035472869877}], "4": [{"scene_id": 1, "im_id": 49, "obj_id": 4, "score": 0.7926322817802429, "R": [0.5738152265548706, 0.8186406493186951, -0.02374240756034851, 0.03563261777162552, -0.053917817771434784, -0.997909426689148, -0.8182092905044556, 0.571769654750824, -0.06010917201638222], "t": [-264.4931945800781, 279.1949768066406, 882.6118774414062], "time": 3.2254035472869877}]}, "78": {"2": [{"scene_id": 1, "im_id": 78, "obj_id": 2, "score": 0.6699218153953552, "R": [-0.933271050453186, 0.35880202054977417, -0.016324330121278763, 0.06937872618436813, 0.1354927271604538, -0.98834627866745, -0.3524087965488434, -0.9235274791717529, -0.1513446420431137], "t": [243.90866088867188, 168.5551300048828, 1194.106201171875], "time": 3.1178226470947266}], "1": [{"scene_id": 1, "im_id": 78, "obj_id": 1, "score": 0.701170027256012, "R": [-0.11854811012744904, -0.44186538457870483, 0.8892138600349426, 0.014122553169727325, 0.894688069820404, 0.4464682936668396, -0.9928479194641113, 0.06548591703176498, -0.09982328861951828], "t": [-98.24968719482422, 58.49888610839844, 1172.4000244140625], "time": 3.1178226470947266}], "3": [{"scene_id": 1, "im_id": 78, "obj_id": 3, "score": 0.6757763028144836, "R": [-0.7939962148666382, 0.6075385808944702, -0.021609768271446228, 0.06991173326969147, 0.05594160035252571, -0.995983362197876, -0.6038894653320312, -0.7923177480697632, -0.08689147979021072], "t": [15.719480514526367, 236.77713012695312, 1203.3033447265625], "time": 3.1178226470947266}], "4": [{"scene_id": 1, "im_id": 78, "obj_id": 4, "score": 0.7665961682796478, "R": [0.568827211856842, 0.8220453858375549, -0.02602449618279934, 0.04087890312075615, -0.05986175313591957, -0.9973694086074829, -0.821440577507019, 0.5662670135498047, -0.0676552951335907], "t": [-263.3327941894531, 277.9698791503906, 878.9539794921875], "time": 3.1178226470947266}]}, "57": {"1": [{"scene_id": 1, "im_id": 57, "obj_id": 1, "score": 0.703125, "R": [-0.2016485333442688, 0.33567655086517334, 0.9201409220695496, 0.10548502206802368, 0.9414175748825073, -0.3203215003013611, -0.9737611413002014, 0.03246872127056122, -0.22524428367614746], "t": [-144.9549102783203, 71.45397186279297, 1185.1221923828125], "time": 3.797932147979736}], "2": [{"scene_id": 1, "im_id": 57, "obj_id": 2, "score": 0.6738280653953552, "R": [-0.9292042255401611, 0.36936724185943604, -0.012135975994169712, 0.07442305237054825, 0.15485593676567078, -0.9851298332214355, -0.3619953393936157, -0.9162900447845459, -0.17138223350048065], "t": [243.48712158203125, 168.10443115234375, 1191.9013671875], "time": 3.797932147979736}], "3": [{"scene_id": 1, "im_id": 57, "obj_id": 3, "score": 0.6699060201644897, "R": [-0.770818829536438, 0.6361280679702759, -0.03434482961893082, 0.0686301738023758, 0.029321737587451935, -0.9972112774848938, -0.6333469748497009, -0.7710263729095459, -0.06625931710004807], "t": [15.449596405029297, 236.58753967285156, 1202.04345703125], "time": 3.797932147979736}], "4": [{"scene_id": 1, "im_id": 57, "obj_id": 4, "score": 0.8143002986907959, "R": [0.5948288440704346, 0.8033018112182617, -0.02975199930369854, 0.027766028419137, -0.05752170830965042, -0.9979581236839294, -0.8033727407455444, 0.5927881002426147, -0.05652005970478058], "t": [-265.1445617675781, 279.87750244140625, 884.9696655273438], "time": 3.797932147979736}]}, "152": {"2": [{"scene_id": 1, "im_id": 152, "obj_id": 2, "score": 0.673828125, "R": [-0.959037721157074, 0.28179803490638733, -0.028923222795128822, 0.051310088485479355, 0.07238931953907013, -0.9960559010505676, -0.2785928249359131, -0.9567391872406006, -0.08388315886259079], "t": [245.7322998046875, 170.13609313964844, 1199.9188232421875], "time": 3.144690990447998}], "1": [{"scene_id": 1, "im_id": 152, "obj_id": 1, "score": 0.8027343153953552, "R": [-0.27937376499176025, 0.9599004983901978, 0.0232651699334383, 0.06151162460446358, 0.04207228124141693, -0.9972191452980042, -0.9582100510597229, -0.27716583013534546, -0.07079894095659256], "t": [-244.9010009765625, 154.46112060546875, 1198.3883056640625], "time": 3.144690990447998}], "3": [{"scene_id": 1, "im_id": 152, "obj_id": 3, "score": 0.6757434010505676, "R": [0.9062010049819946, 0.4224482476711273, -0.018370848149061203, 0.02298383042216301, -0.0925913006067276, -0.9954389929771423, -0.422222375869751, 0.9016454815864563, -0.09361579269170761], "t": [15.242755889892578, 236.83056640625, 1204.916259765625], "time": 3.144690990447998}], "4": [{"scene_id": 1, "im_id": 152, "obj_id": 4, "score": 0.7849353849887848, "R": [0.5964250564575195, 0.8023535013198853, -0.02249891497194767, 0.041056908667087555, -0.05848889797925949, -0.9974435567855835, -0.8016179800033569, 0.5939765572547913, -0.06782639026641846], "t": [-263.2442626953125, 278.21929931640625, 879.5798950195312], "time": 3.144690990447998}]}, "108": {"1": [{"scene_id": 1, "im_id": 108, "obj_id": 1, "score": 0.6914061903953552, "R": [-0.20157048106193542, 0.5327476859092712, 0.8219181895256042, 0.12256363034248352, 0.8462659120559692, -0.5184712409973145, -0.971775472164154, -0.0037712063640356064, -0.23587766289710999], "t": [-141.43338012695312, 54.89982223510742, 1178.094482421875], "time": 3.280648946762085}], "2": [{"scene_id": 1, "im_id": 108, "obj_id": 2, "score": 0.6757811903953552, "R": [-0.9333688616752625, 0.35860300064086914, -0.015056110918521881, 0.07197488099336624, 0.14590956270694733, -0.9866763353347778, -0.35162821412086487, -0.922016441822052, -0.16199782490730286], "t": [243.79408264160156, 168.35174560546875, 1192.89697265625], "time": 3.280648946762085}], "3": [{"scene_id": 1, "im_id": 108, "obj_id": 3, "score": 0.6699066758155823, "R": [-0.9059515595436096, 0.4225461483001709, -0.026579754427075386, 0.05652535706758499, 0.05849674716591835, -0.9966859221458435, -0.41959095001220703, -0.9044516682624817, -0.07687979936599731], "t": [16.001588821411133, 236.55487060546875, 1202.4468994140625], "time": 3.280648946762085}], "4": [{"scene_id": 1, "im_id": 108, "obj_id": 4, "score": 0.7790573239326477, "R": [0.5861759781837463, 0.8097745776176453, -0.02574514038860798, 0.03407900407910347, -0.056392837315797806, -0.9978268146514893, -0.8094666600227356, 0.5840247273445129, -0.060652438551187515], "t": [-264.49920654296875, 279.2531433105469, 883.0248413085938], "time": 3.280648946762085}]}, "12": {"1": [{"scene_id": 1, "im_id": 12, "obj_id": 1, "score": 0.7753905653953552, "R": [-0.30618205666542053, 0.9516561627388, 0.024558914825320244, 0.05449841544032097, 0.0432780385017395, -0.9975755214691162, -0.9504117965698242, -0.30410125851631165, -0.06511470675468445], "t": [-246.5166778564453, 155.8330078125, 1194.94091796875], "time": 3.556406021118164}], "2": [{"scene_id": 1, "im_id": 12, "obj_id": 2, "score": 0.6738280653953552, "R": [-0.9587405920028687, 0.2830292880535126, -0.02666405960917473, 0.052969399839639664, 0.08569971472024918, -0.9949120283126831, -0.2793041169643402, -0.9552748799324036, -0.09715569764375687], "t": [245.07620239257812, 169.29417419433594, 1196.771728515625], "time": 3.556406021118164}], "3": [{"scene_id": 1, "im_id": 12, "obj_id": 3, "score": 0.6738278865814209, "R": [-0.7832024693489075, 0.6209284067153931, -0.03227769955992699, 0.07597542554140091, 0.044048815965652466, -0.9961362481117249, -0.6171074509620667, -0.7826287150382996, -0.08167444169521332], "t": [15.616239547729492, 236.22625732421875, 1200.983154296875], "time": 3.556406021118164}], "4": [{"scene_id": 1, "im_id": 12, "obj_id": 4, "score": 0.8005766570568085, "R": [0.6157824397087097, 0.7873331904411316, -0.03030850552022457, 0.035537201911211014, -0.06618044525384903, -0.9971746206283569, -0.7871145009994507, 0.6129654049873352, -0.0687323659658432], "t": [-264.3230285644531, 279.18505859375, 883.2568969726562], "time": 3.556406021118164}]}, "210": {"1": [{"scene_id": 1, "im_id": 210, "obj_id": 1, "score": 0.783203125, "R": [-0.2857549488544464, 0.9581061601638794, 0.01941562630236149, 0.06799885630607605, 0.04048168659210205, -0.9968639016151428, -0.9558873176574707, -0.2835385799407959, -0.07671795040369034], "t": [-244.89218139648438, 154.45220947265625, 1196.6282958984375], "time": 3.3339436054229736}], "2": [{"scene_id": 1, "im_id": 210, "obj_id": 2, "score": 0.6249997615814209, "R": [-0.7267354130744934, 0.15296456217765808, -0.6696698069572449, 0.6715279817581177, -0.04699902981519699, -0.7394872903823853, -0.14458917081356049, -0.9871135950088501, -0.06856410950422287], "t": [200.2072296142578, 76.86116790771484, 1187.5479736328125], "time": 3.3339436054229736}], "3": [{"scene_id": 1, "im_id": 210, "obj_id": 3, "score": 0.6738189458847046, "R": [-0.9951339960098267, 0.097458116710186, -0.014508594758808613, 0.022513872012495995, 0.0815502479672432, -0.9964150190353394, -0.09592554718255997, -0.9918929934501648, -0.08334757387638092], "t": [15.564370155334473, 236.971923828125, 1205.572998046875], "time": 3.3339436054229736}], "4": [{"scene_id": 1, "im_id": 210, "obj_id": 4, "score": 0.7556552588939667, "R": [0.5752905011177063, 0.8173050284385681, -0.03245541453361511, 0.02562958188354969, -0.05767146497964859, -0.9980066418647766, -0.8175475597381592, 0.5733119249343872, -0.05412502959370613], "t": [-264.2159423828125, 278.97686767578125, 881.479248046875], "time": 3.3339436054229736}]}, "240": {"2": [{"scene_id": 1, "im_id": 240, "obj_id": 2, "score": 0.671875, "R": [-0.9547449350357056, 0.29609066247940063, -0.02814909815788269, 0.055433131754398346, 0.08415904641151428, -0.9949092864990234, -0.2922143042087555, -0.9514450430870056, -0.09676366299390793], "t": [279.4703369140625, 170.2078399658203, 1193.971923828125], "time": 3.424020767211914}], "1": [{"scene_id": 1, "im_id": 240, "obj_id": 1, "score": 0.8066405653953552, "R": [-0.2748106122016907, 0.961262047290802, 0.02132057026028633, 0.06295811384916306, 0.04011667147278786, -0.9972097277641296, -0.9594351053237915, -0.2727015018463135, -0.07154371589422226], "t": [-244.86566162109375, 154.53152465820312, 1196.0196533203125], "time": 3.424020767211914}], "3": [{"scene_id": 1, "im_id": 240, "obj_id": 3, "score": 0.6659945249557495, "R": [-0.9056525826454163, 0.4229632616043091, -0.029926225543022156, 0.05582035705447197, 0.04896462708711624, -0.9972395896911621, -0.42033034563064575, -0.9048230051994324, -0.0679548904299736], "t": [15.935868263244629, 237.74685668945312, 1207.4923095703125], "time": 3.424020767211914}], "4": [{"scene_id": 1, "im_id": 240, "obj_id": 4, "score": 0.7695163786411285, "R": [0.5511864423751831, 0.8340614438056946, -0.02313334122300148, 0.04094286262989044, -0.05472785606980324, -0.9976615309715271, -0.8333770036697388, 0.5489503145217896, -0.0643141120672226], "t": [-264.684814453125, 279.0812683105469, 881.9343872070312], "time": 3.424020767211914}]}, "126": {"2": [{"scene_id": 1, "im_id": 126, "obj_id": 2, "score": 0.6621093153953552, "R": [-0.9414645433425903, 0.33674168586730957, -0.01579841412603855, 0.05769200623035431, 0.11476881802082062, -0.9917154908180237, -0.3321388065814972, -0.9345764517784119, -0.12747806310653687], "t": [244.82125854492188, 169.39212036132812, 1197.3280029296875], "time": 3.703490018844605}], "1": [{"scene_id": 1, "im_id": 126, "obj_id": 1, "score": 0.7382768988609314, "R": [-0.3462145924568176, 0.9328305721282959, 0.09981324523687363, 0.14733915030956268, 0.15913785994052887, -0.9761999845504761, -0.9265132546424866, -0.32326826453208923, -0.1925382912158966], "t": [-244.71095275878906, 147.63339233398438, 1182.197265625], "time": 3.703490018844605}], "3": [{"scene_id": 1, "im_id": 126, "obj_id": 3, "score": 0.6777267456054688, "R": [0.4494730532169342, -0.8931096196174622, -0.018147481605410576, -0.09094494581222534, -0.025541067123413086, -0.9955283403396606, 0.8886524438858032, 0.449113667011261, -0.09270381182432175], "t": [14.742260932922363, 235.37380981445312, 1199.86767578125], "time": 3.703490018844605}], "4": [{"scene_id": 1, "im_id": 126, "obj_id": 4, "score": 0.8084663450717926, "R": [0.5818043947219849, 0.8130444288253784, -0.02150602638721466, 0.030798614025115967, -0.048446714878082275, -0.9983507394790649, -0.8127454519271851, 0.5801825523376465, -0.05322715640068054], "t": [-263.850830078125, 278.6145935058594, 880.9961547851562], "time": 3.703490018844605}]}, "77": {"2": [{"scene_id": 1, "im_id": 77, "obj_id": 2, "score": 0.6738280653953552, "R": [-0.9307575821876526, 0.365406334400177, -0.012982125394046307, 0.07164319604635239, 0.14744114875793457, -0.9864726066589355, -0.3585492968559265, -0.9190970659255981, -0.16341085731983185], "t": [243.81964111328125, 168.4164276123047, 1193.1785888671875], "time": 3.7069613933563232}], "1": [{"scene_id": 1, "im_id": 77, "obj_id": 1, "score": 0.6113274097442627, "R": [-0.1458926647901535, -0.41093435883522034, 0.8999157547950745, -0.010857701301574707, 0.9102588891983032, 0.41389715671539307, -0.9892408847808838, 0.05061352252960205, -0.13726189732551575], "t": [-99.29081726074219, 59.83849334716797, 1169.2928466796875], "time": 3.7069613933563232}], "3": [{"scene_id": 1, "im_id": 77, "obj_id": 3, "score": 0.6718498468399048, "R": [0.14595583081245422, 0.9887722134590149, -0.03203992173075676, 0.07069774717092514, -0.04272892326116562, -0.9965822100639343, -0.9867618083953857, 0.14319182932376862, -0.07614049315452576], "t": [15.878403663635254, 237.5683135986328, 1207.6180419921875], "time": 3.7069613933563232}], "4": [{"scene_id": 1, "im_id": 77, "obj_id": 4, "score": 0.7672499120235443, "R": [0.5805312395095825, 0.8139007091522217, -0.02343626879155636, 0.036968156695365906, -0.05509982630610466, -0.9977962970733643, -0.8133983612060547, 0.5783854126930237, -0.06207556277513504], "t": [-263.26165771484375, 278.0619201660156, 879.0313720703125], "time": 3.7069613933563232}]}, "125": {"2": [{"scene_id": 1, "im_id": 125, "obj_id": 2, "score": 0.6738280653953552, "R": [-0.9336284399032593, 0.3579554557800293, -0.01434208545833826, 0.06712182611227036, 0.135462686419487, -0.9885062575340271, -0.35189834237098694, -0.9238601326942444, -0.15049846470355988], "t": [244.5699920654297, 169.02284240722656, 1195.8995361328125], "time": 3.3343098163604736}], "1": [{"scene_id": 1, "im_id": 125, "obj_id": 1, "score": 0.7460922002792358, "R": [-0.3663981258869171, 0.9280510544776917, 0.06688586622476578, 0.14890971779823303, 0.1294446587562561, -0.9803418517112732, -0.9184653162956238, -0.3492354452610016, -0.18562409281730652], "t": [-247.08349609375, 141.3368377685547, 1178.7225341796875], "time": 3.3343098163604736}], "3": [{"scene_id": 1, "im_id": 125, "obj_id": 3, "score": 0.6737889647483826, "R": [-0.8448006510734558, 0.5345528721809387, -0.02376927249133587, 0.058741044253110886, 0.048497091978788376, -0.9970945119857788, -0.5318470001220703, -0.8437424302101135, -0.07237057387828827], "t": [15.39111042022705, 235.8581085205078, 1199.390625], "time": 3.3343098163604736}], "4": [{"scene_id": 1, "im_id": 125, "obj_id": 4, "score": 0.8085170984268188, "R": [0.5785307884216309, 0.8151798248291016, -0.027998900040984154, 0.02807011269032955, -0.05420413613319397, -0.9981350898742676, -0.8151773810386658, 0.5766660571098328, -0.05424095690250397], "t": [-264.8782043457031, 279.650634765625, 883.9501342773438], "time": 3.3343098163604736}]}, "100": {"2": [{"scene_id": 1, "im_id": 100, "obj_id": 2, "score": 0.6738280653953552, "R": [-0.9290704727172852, 0.3696182668209076, -0.014500184915959835, 0.072757788002491, 0.14416831731796265, -0.9868746399879456, -0.3626765012741089, -0.9179311990737915, -0.1608351469039917], "t": [243.49671936035156, 168.19073486328125, 1191.68115234375], "time": 3.40769624710083}], "1": [{"scene_id": 1, "im_id": 100, "obj_id": 1, "score": 0.7031245231628418, "R": [-0.08207149803638458, -0.37709489464759827, 0.9225311279296875, 0.057263389229774475, 0.922340452671051, 0.38211125135421753, -0.9949800372123718, 0.08418771624565125, -0.054104141891002655], "t": [-98.156005859375, 64.06526184082031, 1184.9771728515625], "time": 3.40769624710083}], "3": [{"scene_id": 1, "im_id": 100, "obj_id": 3, "score": 0.6757724285125732, "R": [0.18009328842163086, 0.9832237958908081, -0.028942929580807686, 0.07654783874750137, -0.04334362596273422, -0.9961234331130981, -0.98066645860672, 0.17717961966991425, -0.08306953310966492], "t": [15.618012428283691, 236.26361083984375, 1202.2117919921875], "time": 3.40769624710083}], "4": [{"scene_id": 1, "im_id": 100, "obj_id": 4, "score": 0.7942630350589752, "R": [0.6788811087608337, 0.7338799238204956, -0.02325632981956005, 0.03216611221432686, -0.061368901282548904, -0.997596800327301, -0.733543336391449, 0.6765013933181763, -0.06526824086904526], "t": [-262.79754638671875, 278.611328125, 881.8359985351562], "time": 3.40769624710083}]}, "88": {"2": [{"scene_id": 1, "im_id": 88, "obj_id": 2, "score": 0.6699218153953552, "R": [-0.944508969783783, 0.3277398645877838, -0.022124307230114937, 0.05858215317130089, 0.10178858041763306, -0.9930797815322876, -0.32321977615356445, -0.9392688274383545, -0.11533991247415543], "t": [244.3831787109375, 168.94190979003906, 1194.5765380859375], "time": 3.4628632068634038}], "1": [{"scene_id": 1, "im_id": 88, "obj_id": 1, "score": 0.6796847581863403, "R": [-0.1121700182557106, -0.44823020696640015, 0.8868525624275208, 0.05993090197443962, 0.8878087997436523, 0.45629361271858215, -0.9918801784515381, 0.10433235764503479, -0.07272270321846008], "t": [-95.46099853515625, 60.52083206176758, 1178.2855224609375], "time": 3.4628632068634038}], "3": [{"scene_id": 1, "im_id": 88, "obj_id": 3, "score": 0.6698862314224243, "R": [-0.764015793800354, -0.6450507044792175, -0.013770414516329765, -0.04923214390873909, 0.07956606149673462, -0.9956130981445312, 0.6433166265487671, -0.7599862217903137, -0.09254695475101471], "t": [14.99702262878418, 236.91046142578125, 1205.4842529296875], "time": 3.4628632068634038}], "4": [{"scene_id": 1, "im_id": 88, "obj_id": 4, "score": 0.7654666304588318, "R": [0.6050567626953125, 0.7958168983459473, -0.024125248193740845, 0.03857937455177307, -0.059570398181676865, -0.9974783658981323, -0.7952471375465393, 0.6026002168655396, -0.0667455792427063], "t": [-263.2598571777344, 278.1991271972656, 879.9992065429688], "time": 3.4628632068634038}]}, "177": {"1": [{"scene_id": 1, "im_id": 177, "obj_id": 1, "score": 0.791015625, "R": [-0.2944152355194092, 0.9555285573005676, 0.016885526478290558, 0.0717206746339798, 0.03971032798290253, -0.9966340661048889, -0.9529827833175659, -0.29221320152282715, -0.08022245764732361], "t": [-245.7356719970703, 154.89576721191406, 1199.8619384765625], "time": 3.3546316623687744}], "2": [{"scene_id": 1, "im_id": 177, "obj_id": 2, "score": 0.5937482118606567, "R": [0.023363793268799782, -0.23810604214668274, -0.9709582328796387, 0.9621146321296692, -0.25854212045669556, 0.08655274659395218, -0.27164226770401, -0.9361952543258667, 0.22304478287696838], "t": [191.44351196289062, 82.34146881103516, 1203.7838134765625], "time": 3.3546316623687744}], "3": [{"scene_id": 1, "im_id": 177, "obj_id": 3, "score": 0.6660104393959045, "R": [-0.9925549626350403, 0.12109232693910599, -0.013081865385174751, 0.022958504036068916, 0.0805307924747467, -0.9964876770973206, -0.11961352080106735, -0.98936927318573, -0.0827113538980484], "t": [15.526235580444336, 236.65499877929688, 1204.02392578125], "time": 3.3546316623687744}], "4": [{"scene_id": 1, "im_id": 177, "obj_id": 4, "score": 0.7556948661804199, "R": [0.5996887683868408, 0.7998870015144348, -0.023542599752545357, 0.04220800846815109, -0.06099538132548332, -0.997245192527771, -0.7991194128990173, 0.5970430970191956, -0.0703398808836937], "t": [-264.0367431640625, 279.0706787109375, 882.324951171875], "time": 3.3546316623687744}]}, "11": {"1": [{"scene_id": 1, "im_id": 11, "obj_id": 1, "score": 0.7929686903953552, "R": [-0.32280483841896057, 0.9461864829063416, 0.022981638088822365, 0.0658314973115921, 0.04666883125901222, -0.9967387914657593, -0.9441733360290527, -0.3202391564846039, -0.07735379785299301], "t": [-246.7529296875, 155.86978149414062, 1195.54833984375], "time": 3.228988647460937}], "2": [{"scene_id": 1, "im_id": 11, "obj_id": 2, "score": 0.6679686903953552, "R": [-0.931623637676239, 0.3631412386894226, -0.014348717406392097, 0.07422136515378952, 0.15146516263484955, -0.9856722354888916, -0.35576489567756653, -0.9193405508995056, -0.16806134581565857], "t": [243.5245819091797, 168.29725646972656, 1192.9644775390625], "time": 3.228988647460937}], "3": [{"scene_id": 1, "im_id": 11, "obj_id": 3, "score": 0.6718748211860657, "R": [-0.787346601486206, 0.6159153580665588, -0.027085356414318085, 0.07172541320323944, 0.04787721112370491, -0.9962747097015381, -0.6123241186141968, -0.7863562703132629, -0.08187274634838104], "t": [15.536470413208008, 236.52908325195312, 1202.474853515625], "time": 3.228988647460937}], "4": [{"scene_id": 1, "im_id": 11, "obj_id": 4, "score": 0.7753152847290039, "R": [0.5766218304634094, 0.8167900443077087, -0.01901310309767723, 0.04930448904633522, -0.05801732465624809, -0.9970974326133728, -0.8155221343040466, 0.5740107297897339, -0.07372546195983887], "t": [-263.71246337890625, 278.4285583496094, 880.1285400390625], "time": 3.228988647460937}]}, "146": {"2": [{"scene_id": 1, "im_id": 146, "obj_id": 2, "score": 0.666015625, "R": [-0.9568398594856262, 0.289351224899292, -0.027081770822405815, 0.05405832454562187, 0.08564901351928711, -0.9948577880859375, -0.2855437695980072, -0.9533835649490356, -0.0975942388176918], "t": [245.58224487304688, 169.8114013671875, 1199.5006103515625], "time": 3.227839708328247}], "1": [{"scene_id": 1, "im_id": 146, "obj_id": 1, "score": 0.7890624403953552, "R": [-0.27814731001853943, 0.9601447582244873, 0.0274996105581522, 0.05376347154378891, 0.04414663463830948, -0.9975773692131042, -0.9590326547622681, -0.27599501609802246, -0.06389997899532318], "t": [-244.24549865722656, 154.0729217529297, 1198.428955078125], "time": 3.227839708328247}], "3": [{"scene_id": 1, "im_id": 146, "obj_id": 3, "score": 0.6699086427688599, "R": [0.09581685066223145, 0.9950129389762878, -0.027719972655177116, 0.07171449065208435, -0.03467627614736557, -0.9968222379684448, -0.9928122758865356, 0.09352444112300873, -0.0746794119477272], "t": [15.662200927734375, 237.56947326660156, 1207.0552978515625], "time": 3.227839708328247}], "4": [{"scene_id": 1, "im_id": 146, "obj_id": 4, "score": 0.7573526501655579, "R": [0.5847273468971252, 0.810971200466156, -0.020482875406742096, 0.04048475995659828, -0.054389458149671555, -0.9976987242698669, -0.8102191686630249, 0.5825524926185608, -0.06463497877120972], "t": [-263.574462890625, 278.5369567871094, 880.1842041015625], "time": 3.227839708328247}]}, "50": {"2": [{"scene_id": 1, "im_id": 50, "obj_id": 2, "score": 0.6738280653953552, "R": [-0.9313968420028687, 0.3637595772743225, -0.013377305120229721, 0.07036928087472916, 0.14387835562229156, -0.9870902895927429, -0.35713881254196167, -0.9203141331672668, -0.15960533916950226], "t": [244.05361938476562, 168.52711486816406, 1193.80322265625], "time": 3.6547467708587646}], "1": [{"scene_id": 1, "im_id": 50, "obj_id": 1, "score": 0.7031246423721313, "R": [-0.31159210205078125, 0.5409499406814575, 0.7812064290046692, 0.08428917825222015, 0.8346299529075623, -0.5443235635757446, -0.9464702010154724, -0.10375969111919403, -0.30566033720970154], "t": [-168.61056518554688, 57.4762077331543, 1178.7357177734375], "time": 3.6547467708587646}], "3": [{"scene_id": 1, "im_id": 50, "obj_id": 3, "score": 0.6816369891166687, "R": [0.08795414119958878, 0.9959237575531006, -0.019997991621494293, 0.0814770758152008, -0.027201205492019653, -0.9963039755821228, -0.9927868843078613, 0.08599969744682312, -0.08353741466999054], "t": [16.19852638244629, 237.99754333496094, 1211.318603515625], "time": 3.6547467708587646}], "4": [{"scene_id": 1, "im_id": 50, "obj_id": 4, "score": 0.7885362803936005, "R": [0.5986660718917847, 0.8007902503013611, -0.018275443464517593, 0.048976633697748184, -0.059368718415498734, -0.9970338344573975, -0.7994999289512634, 0.5959953665733337, -0.07476204633712769], "t": [-263.13372802734375, 278.0675964355469, 879.405517578125], "time": 3.6547467708587646}]}, "130": {"2": [{"scene_id": 1, "im_id": 130, "obj_id": 2, "score": 0.6718749403953552, "R": [-0.9385995268821716, 0.34476178884506226, -0.013050544075667858, 0.06648405641317368, 0.14362332224845886, -0.9873965978622437, -0.33854231238365173, -0.9276376366615295, -0.15772594511508942], "t": [244.72557067871094, 169.0177001953125, 1196.8758544921875], "time": 3.378145217895508}], "1": [{"scene_id": 1, "im_id": 130, "obj_id": 1, "score": 0.734374463558197, "R": [-0.28479480743408203, 0.9569410085678101, 0.05617793649435043, 0.14595158398151398, 0.10120897740125656, -0.9841011762619019, -0.9474123120307922, -0.2720676064491272, -0.16849082708358765], "t": [-243.00503540039062, 150.47702026367188, 1183.7340087890625], "time": 3.378145217895508}], "3": [{"scene_id": 1, "im_id": 130, "obj_id": 3, "score": 0.6816257834434509, "R": [0.8394626975059509, 0.5431293845176697, -0.017689060419797897, 0.027598675340414047, -0.07512092590332031, -0.9967924952507019, -0.5427160859107971, 0.8362818956375122, -0.07805085927248001], "t": [15.543183326721191, 236.83193969726562, 1206.03955078125], "time": 3.378145217895508}], "4": [{"scene_id": 1, "im_id": 130, "obj_id": 4, "score": 0.7907014191150665, "R": [0.6056684255599976, 0.7951527237892151, -0.029971150681376457, 0.02734079770743847, -0.058439306914806366, -0.997916579246521, -0.7952473759651184, 0.6035870909690857, -0.05713494122028351], "t": [-262.3221740722656, 277.59124755859375, 876.7040405273438], "time": 3.378145217895508}]}, "106": {"1": [{"scene_id": 1, "im_id": 106, "obj_id": 1, "score": 0.7109375, "R": [-0.17490831017494202, 0.30767542123794556, 0.9352769255638123, 0.10824695974588394, 0.9501709938049316, -0.2923315763473511, -0.9786162376403809, 0.05010966211557388, -0.1994977593421936], "t": [-122.71947479248047, 58.03288650512695, 1189.64501953125], "time": 3.3306686878204346}], "2": [{"scene_id": 1, "im_id": 106, "obj_id": 2, "score": 0.6699218153953552, "R": [-0.9370341897010803, 0.34888312220573425, -0.01573267951607704, 0.06448175758123398, 0.12856025993824005, -0.9896031022071838, -0.34323322772979736, -0.9283063411712646, -0.14296194911003113], "t": [244.02133178710938, 168.64947509765625, 1194.151611328125], "time": 3.3306686878204346}], "3": [{"scene_id": 1, "im_id": 106, "obj_id": 3, "score": 0.6757630705833435, "R": [0.5755028128623962, -0.817661702632904, -0.01503339409828186, -0.08258119970560074, -0.039815519005060196, -0.9957887530326843, 0.8136196732521057, 0.5743206739425659, -0.09043741971254349], "t": [15.54339599609375, 236.87184143066406, 1205.1881103515625], "time": 3.3306686878204346}], "4": [{"scene_id": 1, "im_id": 106, "obj_id": 4, "score": 0.778774619102478, "R": [0.5652254819869995, 0.8244189620018005, -0.02921934798359871, 0.019020041450858116, -0.04843457415699959, -0.9986453652381897, -0.8247172832489014, 0.5639039874076843, -0.04305693507194519], "t": [-265.81390380859375, 280.4293212890625, 886.1158447265625], "time": 3.3306686878204346}]}, "242": {"2": [{"scene_id": 1, "im_id": 242, "obj_id": 2, "score": 0.6699218153953552, "R": [-0.954315185546875, 0.29742658138275146, -0.028640642762184143, 0.05855701118707657, 0.09216545522212982, -0.9940204620361328, -0.29300838708877563, -0.950285792350769, -0.10537125170230865], "t": [279.76153564453125, 170.30084228515625, 1195.0657958984375], "time": 3.306243658065796}], "1": [{"scene_id": 1, "im_id": 242, "obj_id": 1, "score": 0.7890624403953552, "R": [-0.28132373094558716, 0.9594207406044006, 0.019209129735827446, 0.0632447749376297, 0.03851141780614853, -0.9972546696662903, -0.9575265645980835, -0.2793365716934204, -0.07151251286268234], "t": [-245.045166015625, 154.72296142578125, 1196.4461669921875], "time": 3.306243658065796}], "3": [{"scene_id": 1, "im_id": 242, "obj_id": 3, "score": 0.6874933242797852, "R": [0.05878852680325508, 0.9978325366973877, -0.029569469392299652, 0.07737316936254501, -0.034086134284734726, -0.9964194297790527, -0.9952674508094788, 0.056290142238140106, -0.0792093351483345], "t": [16.326810836791992, 239.56011962890625, 1218.1201171875], "time": 3.306243658065796}], "4": [{"scene_id": 1, "im_id": 242, "obj_id": 4, "score": 0.7615416646003723, "R": [0.5924562215805054, 0.8054205179214478, -0.017132874578237534, 0.05115116760134697, -0.05883331596851349, -0.9969565272331238, -0.8039771318435669, 0.5897766947746277, -0.07605435699224472], "t": [-263.0702819824219, 278.0779724121094, 879.11328125], "time": 3.306243658065796}]}, "209": {"1": [{"scene_id": 1, "im_id": 209, "obj_id": 1, "score": 0.802734375, "R": [-0.29244464635849, 0.9561200141906738, 0.017626332119107246, 0.07318001240491867, 0.040753766894340515, -0.9964857697486877, -0.9534783363342285, -0.2901270091533661, -0.08188708126544952], "t": [-245.35659790039062, 154.60667419433594, 1197.706787109375], "time": 6.093346357345581}], "2": [{"scene_id": 1, "im_id": 209, "obj_id": 2, "score": 0.6191396713256836, "R": [-0.6071161031723022, 0.10338091850280762, -0.787859320640564, 0.7783899903297424, -0.12195410579442978, -0.6158215403556824, -0.15974688529968262, -0.9871371388435364, -0.006430371198803186], "t": [186.77561950683594, 74.11798858642578, 1189.99560546875], "time": 6.093346357345581}], "3": [{"scene_id": 1, "im_id": 209, "obj_id": 3, "score": 0.6679663062095642, "R": [-0.5047322511672974, -0.8631092309951782, -0.01697189174592495, -0.07127046585083008, 0.06125444918870926, -0.9955744743347168, 0.8603290319442749, -0.5012889504432678, -0.09243126958608627], "t": [16.01081657409668, 238.44126892089844, 1212.985107421875], "time": 6.093346357345581}], "4": [{"scene_id": 1, "im_id": 209, "obj_id": 4, "score": 0.7713868916034698, "R": [0.5907692909240723, 0.8062445521354675, -0.03101065382361412, 0.030987095087766647, -0.06107832491397858, -0.9976519346237183, -0.8062453866004944, 0.5884211659431458, -0.06106635928153992], "t": [-264.2632141113281, 279.03192138671875, 882.4758911132812], "time": 6.093346357345581}]}, "229": {"2": [{"scene_id": 1, "im_id": 229, "obj_id": 2, "score": 0.673828125, "R": [-0.942646324634552, 0.3334554135799408, -0.015012543648481369, 0.05165686085820198, 0.10129982233047485, -0.993513822555542, -0.32977184653282166, -0.9373077154159546, -0.11271516978740692], "t": [279.6510925292969, 170.51461791992188, 1196.0511474609375], "time": 3.432075500488281}], "1": [{"scene_id": 1, "im_id": 229, "obj_id": 1, "score": 0.796875, "R": [-0.29222142696380615, 0.9561642408370972, 0.018891029059886932, 0.07017166912555695, 0.041137393563985825, -0.9966863393783569, -0.9537729024887085, -0.28992748260498047, -0.07911685109138489], "t": [-245.23089599609375, 154.6855010986328, 1197.5609130859375], "time": 3.432075500488281}], "3": [{"scene_id": 1, "im_id": 229, "obj_id": 3, "score": 0.6620290875434875, "R": [-0.9970877170562744, 0.07441189140081406, -0.016706354916095734, 0.02275322563946247, 0.08117077499628067, -0.9964404702186584, -0.0727909505367279, -0.9939185976982117, -0.08262749016284943], "t": [15.640776634216309, 237.6750030517578, 1209.4400634765625], "time": 3.432075500488281}], "4": [{"scene_id": 1, "im_id": 229, "obj_id": 4, "score": 0.7439408004283905, "R": [0.5858302712440491, 0.8101248145103455, -0.022375624626874924, 0.03658072277903557, -0.054013971239328384, -0.9978699088096619, -0.8096078038215637, 0.5837638974189758, -0.06127796322107315], "t": [-264.4385070800781, 279.0406799316406, 882.3095703125], "time": 3.432075500488281}]